201607294200129
201607294200130
201607294200131
201607294200133
201607294200134
201607294200136
201607294200137
201607294200139
201607294200141
201607294200142
201607294200144
201607294200145
201607294200147
201607294200148
201607294200150
201607294200151
201607294200153
201607294200154
201607294200156
201607294200157
201607294200158
201607294200160
201607294200161
201607294200162
201607294200164
201607294200165
201607294200166
201607294200168
201607294200169
201607294200171
201607294200172
201607294200173
201607294200175
201607294200176
201607294200177
201607294200179
201607294200180
201607294200181
201607294200183
201607294200184
201607294200186
201607294200187
201607294200188
201607294200190
201607294200191
201607294200192
201607294200194
201607294200195
201607294200196
201607294200198
201607294200199
